Sreekanth
Matches 1-10: 0, 0, 0, 0, 0, 100, 0, 0, 0, 0
Matches 11-20: 0, 0, 140, 0, 0, 0, 100, 0, 0, 100
Matches 21-30: 100, 100, 0, 100, 0, 0, 0, 0, 100, 0
Matches 31-40: 0, 120, 30, 0, 0, 0, 0, 0, 0, 140
Matches 41-50: 100, 100, 100, 0, 100, 100, 0, 0, 0, 100
Matches 51-60: 0, 100, 0, 0, 100, 100, 0, 100, 0, 0
Matches 61-70: 100, 100, 50, 100, 100, 50, 0, 140, 0, 70
Playoffs: Q1 (200), Eliminator (0), Q2 (200), Final (0)

Praveen
Matches 1-10: 0, 120, 100, 0, 100, 100, 0, 0, 0, 100
Matches 11-20: 0, 100, 100, 0, 0, 0, 100, 0, 0, 100
Matches 21-30: 100, 0, 140, 0, 100, 100, 0, 0, 0, 0
Matches 31-40: 0, 0, 100, 180, 0, 0, 0, 0, 100, 100
Matches 41-50: 100, 0, 0, 0, 100, 0, 100, 100, 100, 0
Matches 51-60: 0, 100, 0, 0, 100, 100, 0, 100, 100, 100
Matches 61-70: 0, 100, 50, 0, 0, 50, 120, 100, 0, 50
Playoffs: Q1 (200), Eliminator (0), Q2 (200), Final (400)

Prasad
Matches 1-10: 100, 100, 100, 100, 0, 100, 100, 140, 100, 100
Matches 11-20: 100, 120, 120, 100, 100, 0, 0, 0, 140, 0
Matches 21-30: 100, 0, 0, 0, 100, 0, 0, 100, 100, 0
Matches 31-40: 100, 0, 0, 100, 0, 140, 0, 100, 0, 0
Matches 41-50: 100, 0, 180, 160, 0, 120, 100, 100, 100, 0
Matches 51-60: 160, 180, 100, 100, 140, 0, 0, 0, 100, 100
Matches 61-70: 0, 0, 50, 0, 140, 70, 140, 180, 0, 70
Playoffs: Q1 (200), Eliminator (200), Q2 (0), Final (460)

Akhil
Matches 1-10: 0, 0, 0, 0, 0, 100, 100, 100, 100, 100
Matches 11-20: 100, 0, 0, 0, 0, 100, 0, 100, 0, 100
Matches 21-30: 0, 100, 100, 0, 0, 0, 100, 100, 0, 100
Matches 31-40: 0, 0, 100, 0, 100, 100, 0, 100, 0, 100
Matches 41-50: 0, 0, 100, 0, 100, 100, 0, 0, 100, 100
Matches 51-60: 0, 0, 0, 0, 0, 0, 100, 100, 0, 100
Matches 61-70: 100, 100, 50, 100, 140, 50, 0, 0, 100, 50
Playoffs: Q1 (0), Eliminator (200), Q2 (0), Final (0)

Sunny
Matches 1-10: 0, 100, 100, 100, 100, 100, 0, 140, 100, 100
Matches 11-20: 100, 0, 100, 100, 0, 50, 0, 100, 100, 0
Matches 21-30: 120, 0, 100, 0, 120, 0, 0, 100, 0, 0
Matches 31-40: 0, 0, 0, 0, 100, 0, 100, 100, 0, 0
Matches 41-50: 0, 100, 100, 100, 0, 100, 100, 50, 0, 100
Matches 51-60: 0, 0, 100, 100, 0, 0, 0, 0, 0, 0
Matches 61-70: 100, 0, 70, 0, 0, 50, 0, 0, 0, 50
Playoffs: Q1 (220), Eliminator (200), Q2 (0), Final (0)

Vishal
Matches 1-10: 120, 0, 0, 0, 100, 0, 0, 0, 0, 0
Matches 11-20: 0, 0, 100, 100, 100, 0, 130, 0, 100, 100
Matches 21-30: 0, 100, 0, 100, 0, 100, 100, 0, 100, 0
Matches 31-40: 100, 50, 100, 100, 0, 0, 120, 0, 100, 0
Matches 41-50: 100, 100, 100, 100, 220, 100, 0, 0, 0, 0
Matches 51-60: 0, 100, 100, 0, 100, 100, 100, 0, 0, 0
Matches 61-70: 0, 0, 50, 0, 100, 50, 100, 0, 0, 50
Playoffs: Q1 (200), Eliminator (200), Q2 (0), Final (0)

Gopi
Matches 1-10: 100, 100, 100, 0, 100, 0, 0, 0, 0, 100
Matches 11-20: 100, 0, 100, 100, 0, 100, 100, 100, 0, 0
Matches 21-30: 0, 0, 0, 100, 0, 100, 0, 100, 100, 0
Matches 31-40: 0, 100, 0, 300, 0, 0, 100, 0, 100, 0
Matches 41-50: 100, 100, 100, 0, 100, 100, 100, 0, 100, 0
Matches 51-60: 100, 100, 0, 0, 100, 100, 0, 0, 0, 0
Matches 61-70: 0, 0, 50, 100, 100, 50, 100, 0, 0, 70
Playoffs: Q1 (0), Eliminator (200), Q2 (0), Final (400)

Raju
Matches 1-10: 0, 0, 0, 0, 0, 100, 100, 0, 0, 100
Matches 11-20: 100, 100, 100, 0, 0, 0, 100, 100, 0, 0
Matches 21-30: 0, 100, 0, 100, 0, 100, 0, 100, 100, 100
Matches 31-40: 100, 100, 100, 100, 0, 0, 0, 0, 100, 100
Matches 41-50: 100, 100, 0, 0, 100, 100, 0, 0, 100, 100
Matches 51-60: 0, 100, 100, 100, 100, 100, 0, 100, 100, 0
Matches 61-70: 100, 0, 50, 100, 120, 50, 0, 100, 0, 50
Playoffs: Q1 (200), Eliminator (0), Q2 (0), Final (400)

Naveen
Matches 1-10: 100, 100, 0, 100, 140, 100, 100, 100, 100, 0
Matches 11-20: 0, 0, 0, 0, 100, 100, 0, 100, 100, 100
Matches 21-30: 0, 100, 100, 0, 100, 0, 100, 100, 100, 0
Matches 31-40: 0, 0, 0, 0, 100, 0, 100, 0, 100, 140
Matches 41-50: 100, 0, 100, 0, 0, 100, 100, 0, 0, 0
Matches 51-60: 100, 0, 0, 0, 0, 0, 0, 0, 100, 100
Matches 61-70: 100, 0, 490, 0, 100, 430, 100, 100, 0, 350
Playoffs: Q1 (200), Eliminator (200), Q2 (0), Final (440)

Raghu
Matches 1-10: 0, 100, 100, 0, 100, 0, 0, 0, 0, 0
Matches 11-20: 0, 100, 100, 0, 0, 0, 100, 100, 0, 0
Matches 21-30: 0, 100, 0, 0, 0, 100, 0, 0, 100, 0
Matches 31-40: 100, 50, 0, 100, 0, 0, 100, 0, 100, 100
Matches 41-50: 100, 100, 0, 100, 0, 0, 0, 0, 0, 0
Matches 51-60: 100, 0, 100, 100, 100, 100, 100, 100, 100, 0
Matches 61-70: 100, 0, 50, 0, 100, 50, 0, 0, 0, 350
Playoffs: Q1 (200), Eliminator (0), Q2 (0), Final (400)

Bishan
Matches 1-10: 100, 100, 100, 100, 100, 0, 0, 0, 0, 100
Matches 11-20: 0, 100, 100, 100, 100, 0, 100, 0, 0, 0
Matches 21-30: 0, 0, 0, 100, 0, 0, 0, 0, 0, 0
Matches 31-40: 100, 0, 0, 0, 0, 0, 0, 100, 100, 0
Matches 41-50: 100, 340, 100, 100, 0, 100, 100, 50, 100, 0
Matches 51-60: 100, 0, 0, 100, 100, 100, 0, 0, 100, 0
Matches 61-70: 100, 0, 50, 100, 100, 50, 0, 100, 0, 50
Playoffs: Q1 (200), Eliminator (200), Q2 (0), Final (400)
